  0.000000000000e+00,   0.000000000000e+00
  1.000000000000e-03,   1.780341450182e-02
  2.000000000000e-03,   2.655759816436e-02
  3.000000000000e-03,   3.521473646483e-02
  4.000000000000e-03,   4.377579502073e-02
  5.000000000000e-03,   5.224172984148e-02
  6.000000000000e-03,   6.061348742407e-02
  7.000000000000e-03,   6.889200484767e-02
  8.000000000000e-03,   7.707820986737e-02
  9.000000000000e-03,   8.517302100693e-02
  1.000000000000e-02,   9.317734765065e-02
  1.100000000000e-02,   1.010920901343e-01
  1.200000000000e-02,   1.089181398352e-01
  1.300000000000e-02,   1.166563792612e-01
  1.400000000000e-02,   1.243076821393e-01
  1.500000000000e-02,   1.318729135024e-01
  1.600000000000e-02,   1.393529297765e-01
  1.700000000000e-02,   1.467485788659e-01
  1.800000000000e-02,   1.540607002381e-01
  1.900000000000e-02,   1.612901250078e-01
  2.000000000000e-02,   1.684376760199e-01
  2.100000000000e-02,   1.755041679319e-01
  2.200000000000e-02,   1.824904072953e-01
  2.300000000000e-02,   1.893971926364e-01
  2.400000000000e-02,   1.962253145358e-01
  2.500000000000e-02,   2.029755557079e-01
  2.600000000000e-02,   2.096486910789e-01
  2.700000000000e-02,   2.162454878644e-01
  2.800000000000e-02,   2.227667056458e-01
  2.900000000000e-02,   2.292130964469e-01
  3.000000000000e-02,   2.355854048087e-01
  3.100000000000e-02,   2.418843678635e-01
  3.200000000000e-02,   2.481107154096e-01
  3.300000000000e-02,   2.542651699832e-01
  3.400000000000e-02,   2.603484469314e-01
  3.500000000000e-02,   2.663612544834e-01
  3.600000000000e-02,   2.723042938213e-01
  3.700000000000e-02,   2.781782591506e-01
  3.800000000000e-02,   2.839838377691e-01
  3.900000000000e-02,   2.897217101359e-01
  4.000000000000e-02,   2.953925499395e-01
  4.100000000000e-02,   3.009970241651e-01
  4.200000000000e-02,   3.065357931611e-01
  4.300000000000e-02,   3.120095107056e-01
  4.400000000000e-02,   3.174188240712e-01
  4.500000000000e-02,   3.227643740904e-01
  4.600000000000e-02,   3.280467952189e-01
  4.700000000000e-02,   3.332667155997e-01
  4.800000000000e-02,   3.384247571257e-01
  4.900000000000e-02,   3.435215355018e-01
  5.000000000000e-02,   3.485576603065e-01
  5.100000000000e-02,   3.535337350528e-01
  5.200000000000e-02,   3.584503572489e-01
  5.300000000000e-02,   3.633081184576e-01
  5.400000000000e-02,   3.681076043554e-01
  5.500000000000e-02,   3.728493947913e-01
  5.600000000000e-02,   3.775340638449e-01
  5.700000000000e-02,   3.821621798833e-01
  5.800000000000e-02,   3.867343056185e-01
  5.900000000000e-02,   3.912509981633e-01
  6.000000000000e-02,   3.957128090871e-01
  6.100000000000e-02,   4.001202844712e-01
  6.200000000000e-02,   4.044739649633e-01
  6.300000000000e-02,   4.087743858314e-01
  6.400000000000e-02,   4.130220770177e-01
  6.500000000000e-02,   4.172175631913e-01
  6.600000000000e-02,   4.213613638008e-01
  6.700000000000e-02,   4.254539931260e-01
  6.800000000000e-02,   4.294959603299e-01
  6.900000000000e-02,   4.334877695088e-01
  7.000000000000e-02,   4.374299197435e-01
  7.100000000000e-02,   4.413229051488e-01
  7.200000000000e-02,   4.451672149229e-01
  7.300000000000e-02,   4.489633333963e-01
  7.400000000000e-02,   4.527117400806e-01
  7.500000000000e-02,   4.564129097160e-01
  7.600000000000e-02,   4.600673123190e-01
  7.700000000000e-02,   4.636754132293e-01
  7.800000000000e-02,   4.672376731564e-01
  7.900000000000e-02,   4.707545482259e-01
  8.000000000000e-02,   4.742264900244e-01
  8.100000000000e-02,   4.776539456457e-01
  8.200000000000e-02,   4.810373577344e-01
  8.300000000000e-02,   4.843771645312e-01
  8.400000000000e-02,   4.876737999158e-01
  8.500000000000e-02,   4.909276934511e-01
  8.600000000000e-02,   4.941392704255e-01
  8.700000000000e-02,   4.973089518958e-01
  8.800000000000e-02,   5.004371547293e-01
  8.900000000000e-02,   5.035242916454e-01
  9.000000000000e-02,   5.065707712566e-01
  9.100000000000e-02,   5.095769981100e-01
  9.200000000000e-02,   5.125433727272e-01
  9.300000000000e-02,   5.154702916446e-01
  9.400000000000e-02,   5.183581474529e-01
  9.500000000000e-02,   5.212073288366e-01
  9.600000000000e-02,   5.240182206126e-01
  9.700000000000e-02,   5.267912037689e-01
  9.800000000000e-02,   5.295266555025e-01
  9.900000000000e-02,   5.322249492574e-01
  1.000000000000e-01,   5.348864547616e-01
  1.010000000000e-01,   5.375115380644e-01
  1.020000000000e-01,   5.401005615726e-01
  1.030000000000e-01,   5.426538840872e-01
  1.040000000000e-01,   5.451718608392e-01
  1.050000000000e-01,   5.476548435245e-01
  1.060000000000e-01,   5.501031803402e-01
  1.070000000000e-01,   5.525172160182e-01
  1.080000000000e-01,   5.548972918607e-01
  1.090000000000e-01,   5.572437457737e-01
  1.100000000000e-01,   5.595569123008e-01
  1.110000000000e-01,   5.618371226573e-01
  1.120000000000e-01,   5.640847047624e-01
  1.130000000000e-01,   5.662999832726e-01
  1.140000000000e-01,   5.684832796141e-01
  1.150000000000e-01,   5.706349120149e-01
  1.160000000000e-01,   5.727551955363e-01
  1.170000000000e-01,   5.748444421049e-01
  1.180000000000e-01,   5.769029605436e-01
  1.190000000000e-01,   5.789310566024e-01
  1.200000000000e-01,   5.809290329890e-01
  1.210000000000e-01,   5.828971893992e-01
  1.220000000000e-01,   5.848358225466e-01
  1.230000000000e-01,   5.867452261927e-01
  1.240000000000e-01,   5.886256911759e-01
  1.250000000000e-01,   5.904775054406e-01
  1.260000000000e-01,   5.923009540663e-01
  1.270000000000e-01,   5.940963192957e-01
  1.280000000000e-01,   5.958638805635e-01
  1.290000000000e-01,   5.976039145235e-01
  1.300000000000e-01,   5.993166950771e-01
  1.310000000000e-01,   6.010024934002e-01
  1.320000000000e-01,   6.026615779706e-01
  1.330000000000e-01,   6.042942145943e-01
  1.340000000000e-01,   6.059006664331e-01
  1.350000000000e-01,   6.074811940297e-01
  1.360000000000e-01,   6.090360553347e-01
  1.370000000000e-01,   6.105655057321e-01
  1.380000000000e-01,   6.120697980645e-01
  1.390000000000e-01,   6.135491826588e-01
  1.400000000000e-01,   6.150039073513e-01
  1.410000000000e-01,   6.164342175119e-01
  1.420000000000e-01,   6.178403560695e-01
  1.430000000000e-01,   6.192225635354e-01
  1.440000000000e-01,   6.205810780281e-01
  1.450000000000e-01,   6.219161352964e-01
  1.460000000000e-01,   6.232279687437e-01
  1.470000000000e-01,   6.245168094509e-01
  1.480000000000e-01,   6.257828861996e-01
  1.490000000000e-01,   6.270264254949e-01
  1.500000000000e-01,   6.282476515882e-01
  1.510000000000e-01,   6.294467864997e-01
  1.520000000000e-01,   6.306240500402e-01
  1.530000000000e-01,   6.317796598335e-01
  1.540000000000e-01,   6.329138313380e-01
  1.550000000000e-01,   6.340267778683e-01
  1.560000000000e-01,   6.351187106163e-01
  1.570000000000e-01,   6.361898386727e-01
  1.580000000000e-01,   6.372403690477e-01
  1.590000000000e-01,   6.382705066915e-01
  1.600000000000e-01,   6.392804545153e-01
  1.610000000000e-01,   6.402704134111e-01
  1.620000000000e-01,   6.412405822721e-01
  1.630000000000e-01,   6.421911580124e-01
  1.640000000000e-01,   6.431223355869e-01
  1.650000000000e-01,   6.440343080104e-01
  1.660000000000e-01,   6.449272663775e-01
  1.670000000000e-01,   6.458013998811e-01
  1.680000000000e-01,   6.466568958318e-01
  1.690000000000e-01,   6.474939396763e-01
  1.700000000000e-01,   6.483127150162e-01
  1.710000000000e-01,   6.491134036262e-01
  1.720000000000e-01,   6.498961854721e-01
  1.730000000000e-01,   6.506612387292e-01
  1.740000000000e-01,   6.514087398001e-01
  1.750000000000e-01,   6.521388633317e-01
  1.760000000000e-01,   6.528517822337e-01
  1.770000000000e-01,   6.535476676948e-01
  1.780000000000e-01,   6.542266892006e-01
  1.790000000000e-01,   6.548890145504e-01
  1.800000000000e-01,   6.555348098735e-01
  1.810000000000e-01,   6.561642396466e-01
  1.820000000000e-01,   6.567774667096e-01
  1.830000000000e-01,   6.573746522822e-01
  1.840000000000e-01,   6.579559559798e-01
  1.850000000000e-01,   6.585215358297e-01
  1.860000000000e-01,   6.590715482868e-01
  1.870000000000e-01,   6.596061482494e-01
  1.880000000000e-01,   6.601254890742e-01
  1.890000000000e-01,   6.606297225922e-01
  1.900000000000e-01,   6.611189991237e-01
  1.910000000000e-01,   6.615934674931e-01
  1.920000000000e-01,   6.620532750441e-01
  1.930000000000e-01,   6.624985676543e-01
  1.940000000000e-01,   6.629294897498e-01
  1.950000000000e-01,   6.633461843195e-01
  1.960000000000e-01,   6.637487929298e-01
  1.970000000000e-01,   6.641374557383e-01
  1.980000000000e-01,   6.645123115079e-01
  1.990000000000e-01,   6.648734976211e-01
  2.000000000000e-01,   6.652211500932e-01
  2.010000000000e-01,   6.655554035862e-01
  2.020000000000e-01,   6.658763914221e-01
  2.030000000000e-01,   6.661842455965e-01
  2.040000000000e-01,   6.664790967914e-01
  2.050000000000e-01,   6.667610743886e-01
  2.060000000000e-01,   6.670303064827e-01
  2.070000000000e-01,   6.672869198935e-01
  2.080000000000e-01,   6.675310401789e-01
  2.090000000000e-01,   6.677627916476e-01
  2.100000000000e-01,   6.679822973715e-01
  2.110000000000e-01,   6.681896791977e-01
  2.120000000000e-01,   6.683850577611e-01
  2.130000000000e-01,   6.685685524960e-01
  2.140000000000e-01,   6.687402816486e-01
  2.150000000000e-01,   6.689003622883e-01
  2.160000000000e-01,   6.690489103198e-01
  2.170000000000e-01,   6.691860404945e-01
  2.180000000000e-01,   6.693118664219e-01
  2.190000000000e-01,   6.694265005812e-01
  2.200000000000e-01,   6.695300543323e-01
  2.210000000000e-01,   6.696226379271e-01
  2.220000000000e-01,   6.697043605206e-01
  2.230000000000e-01,   6.697753301814e-01
  2.240000000000e-01,   6.698356539031e-01
  2.250000000000e-01,   6.698854376145e-01
  2.260000000000e-01,   6.699247861904e-01
  2.270000000000e-01,   6.699538034623e-01
  2.280000000000e-01,   6.699725922282e-01
  2.290000000000e-01,   6.699812542636e-01
  2.300000000000e-01,   6.699798903310e-01
  2.310000000000e-01,   6.699686001906e-01
  2.320000000000e-01,   6.699474826097e-01
  2.330000000000e-01,   6.699166353730e-01
  2.340000000000e-01,   6.698761552923e-01
  2.350000000000e-01,   6.698261382158e-01
  2.360000000000e-01,   6.697666790383e-01
  2.370000000000e-01,   6.696978717103e-01
  2.380000000000e-01,   6.696198092475e-01
  2.390000000000e-01,   6.695325837399e-01
  2.400000000000e-01,   6.694362863613e-01
  2.410000000000e-01,   6.693310073785e-01
  2.420000000000e-01,   6.692168361598e-01
  2.430000000000e-01,   6.690938611844e-01
  2.440000000000e-01,   6.689621700513e-01
  2.450000000000e-01,   6.688218494877e-01
  2.460000000000e-01,   6.686729853577e-01
  2.470000000000e-01,   6.685156626714e-01
  2.480000000000e-01,   6.683499655927e-01
  2.490000000000e-01,   6.681759774483e-01
  2.500000000000e-01,   6.679937807356e-01
  2.510000000000e-01,   6.678034571312e-01
  2.520000000000e-01,   6.676050874991e-01
  2.530000000000e-01,   6.673987518986e-01
  2.540000000000e-01,   6.671845295924e-01
  2.550000000000e-01,   6.669624990546e-01
  2.560000000000e-01,   6.667327379783e-01
  2.570000000000e-01,   6.664953232836e-01
  2.580000000000e-01,   6.662503311254e-01
  2.590000000000e-01,   6.659978369007e-01
  2.600000000000e-01,   6.657379152563e-01
  2.610000000000e-01,   6.654706400962e-01
  2.620000000000e-01,   6.651960845891e-01
  2.630000000000e-01,   6.649143211758e-01
  2.640000000000e-01,   6.646254215761e-01
  2.650000000000e-01,   6.643294567961e-01
  2.660000000000e-01,   6.640264971357e-01
  2.670000000000e-01,   6.637166121951e-01
  2.680000000000e-01,   6.633998708819e-01
  2.690000000000e-01,   6.630763414182e-01
  2.700000000000e-01,   6.627460913472e-01
  2.710000000000e-01,   6.624091875401e-01
  2.720000000000e-01,   6.620656962027e-01
  2.730000000000e-01,   6.617156828819e-01
  2.740000000000e-01,   6.613592124727e-01
  2.750000000000e-01,   6.609963492240e-01
  2.760000000000e-01,   6.606271567458e-01
  2.770000000000e-01,   6.602516980149e-01
  2.780000000000e-01,   6.598700353815e-01
  2.790000000000e-01,   6.594822305756e-01
  2.800000000000e-01,   6.590883447127e-01
  2.810000000000e-01,   6.586884383005e-01
  2.820000000000e-01,   6.582825712442e-01
  2.830000000000e-01,   6.578708028535e-01
  2.840000000000e-01,   6.574531918474e-01
  2.850000000000e-01,   6.570297963611e-01
  2.860000000000e-01,   6.566006739510e-01
  2.870000000000e-01,   6.561658816010e-01
  2.880000000000e-01,   6.557254757279e-01
  2.890000000000e-01,   6.552795121873e-01
  2.900000000000e-01,   6.548280462788e-01
  2.910000000000e-01,   6.543711327519e-01
  2.920000000000e-01,   6.539088258114e-01
  2.930000000000e-01,   6.534411791225e-01
  2.940000000000e-01,   6.529682458167e-01
  2.950000000000e-01,   6.524900784967e-01
  2.960000000000e-01,   6.520067292418e-01
  2.970000000000e-01,   6.515182496131e-01
  2.980000000000e-01,   6.510246906587e-01
  2.990000000000e-01,   6.505261029187e-01
  3.000000000000e-01,   6.500225364304e-01
  3.010000000000e-01,   6.495140407332e-01
  3.020000000000e-01,   6.490006648734e-01
  3.030000000000e-01,   6.484824574095e-01
  3.040000000000e-01,   6.479594664169e-01
  3.050000000000e-01,   6.474317394923e-01
  3.060000000000e-01,   6.468993237592e-01
  3.070000000000e-01,   6.463622658719e-01
  3.080000000000e-01,   6.458206120206e-01
  3.090000000000e-01,   6.452744079359e-01
  3.100000000000e-01,   6.447236988935e-01
  3.110000000000e-01,   6.441685297184e-01
  3.120000000000e-01,   6.436089447896e-01
  3.130000000000e-01,   6.430449880447e-01
  3.140000000000e-01,   6.424767029839e-01
  3.150000000000e-01,   6.419041326747e-01
  3.160000000000e-01,   6.413273197560e-01
  3.170000000000e-01,   6.407463064426e-01
  3.180000000000e-01,   6.401611345290e-01
  3.190000000000e-01,   6.395718453940e-01
  3.200000000000e-01,   6.389784800046e-01
  3.210000000000e-01,   6.383810789203e-01
  3.220000000000e-01,   6.377796822968e-01
  3.230000000000e-01,   6.371743298905e-01
  3.240000000000e-01,   6.365650610621e-01
  3.250000000000e-01,   6.359519147805e-01
  3.260000000000e-01,   6.353349296272e-01
  3.270000000000e-01,   6.347141437995e-01
  3.280000000000e-01,   6.340895951147e-01
  3.290000000000e-01,   6.334613210140e-01
  3.300000000000e-01,   6.328293585658e-01
  3.310000000000e-01,   6.321937444698e-01
  3.320000000000e-01,   6.315545150605e-01
  3.330000000000e-01,   6.309117063108e-01
  3.340000000000e-01,   6.302653538358e-01
  3.350000000000e-01,   6.296154928962e-01
  3.360000000000e-01,   6.289621584018e-01
  3.370000000000e-01,   6.283053849150e-01
  3.380000000000e-01,   6.276452066543e-01
  3.390000000000e-01,   6.269816574978e-01
  3.400000000000e-01,   6.263147709865e-01
  3.410000000000e-01,   6.256445803277e-01
  3.420000000000e-01,   6.249711183981e-01
  3.430000000000e-01,   6.242944177474e-01
  3.440000000000e-01,   6.236145106015e-01
  3.450000000000e-01,   6.229314288655e-01
  3.460000000000e-01,   6.222452041271e-01
  3.470000000000e-01,   6.215558676597e-01
  3.480000000000e-01,   6.208634504255e-01
  3.490000000000e-01,   6.201679830787e-01
  3.500000000000e-01,   6.194694959684e-01
  3.510000000000e-01,   6.187680191417e-01
  3.520000000000e-01,   6.180635823468e-01
  3.530000000000e-01,   6.173562150360e-01
  3.540000000000e-01,   6.166459463682e-01
  3.550000000000e-01,   6.159328052126e-01
  3.560000000000e-01,   6.152168201507e-01
  3.570000000000e-01,   6.144980194801e-01
  3.580000000000e-01,   6.137764312164e-01
  3.590000000000e-01,   6.130520830966e-01
  3.600000000000e-01,   6.123250025818e-01
  3.610000000000e-01,   6.115952168598e-01
  3.620000000000e-01,   6.108627528479e-01
  3.630000000000e-01,   6.101276371954e-01
  3.640000000000e-01,   6.093898962866e-01
  3.650000000000e-01,   6.086495562433e-01
  3.660000000000e-01,   6.079066429272e-01
  3.670000000000e-01,   6.071611819430e-01
  3.680000000000e-01,   6.064131986402e-01
  3.690000000000e-01,   6.056627181165e-01
  3.700000000000e-01,   6.049097652194e-01
  3.710000000000e-01,   6.041543645497e-01
  3.720000000000e-01,   6.033965404629e-01
  3.730000000000e-01,   6.026363170726e-01
  3.740000000000e-01,   6.018737182522e-01
  3.750000000000e-01,   6.011087676376e-01
  3.760000000000e-01,   6.003414886296e-01
  3.770000000000e-01,   5.995719043960e-01
  3.780000000000e-01,   5.988000378743e-01
  3.790000000000e-01,   5.980259117735e-01
  3.800000000000e-01,   5.972495485769e-01
  3.810000000000e-01,   5.964709705440e-01
  3.820000000000e-01,   5.956901997127e-01
  3.830000000000e-01,   5.949072579017e-01
  3.840000000000e-01,   5.941221667127e-01
  3.850000000000e-01,   5.933349475324e-01
  3.860000000000e-01,   5.925456215345e-01
  3.870000000000e-01,   5.917542096823e-01
  3.880000000000e-01,   5.909607327303e-01
  3.890000000000e-01,   5.901652112268e-01
  3.900000000000e-01,   5.893676655152e-01
  3.910000000000e-01,   5.885681157368e-01
  3.920000000000e-01,   5.877665818324e-01
  3.930000000000e-01,   5.869630835443e-01
  3.940000000000e-01,   5.861576404186e-01
  3.950000000000e-01,   5.853502718067e-01
  3.960000000000e-01,   5.845409968674e-01
  3.970000000000e-01,   5.837298345691e-01
  3.980000000000e-01,   5.829168036913e-01
  3.990000000000e-01,   5.821019228267e-01
  4.000000000000e-01,   5.812852103829e-01
  4.010000000000e-01,   5.804666845845e-01
  4.020000000000e-01,   5.796463634747e-01
  4.030000000000e-01,   5.788242649170e-01
  4.040000000000e-01,   5.780004065974e-01
  4.050000000000e-01,   5.771748060258e-01
  4.060000000000e-01,   5.763474805380e-01
  4.070000000000e-01,   5.755184472971e-01
  4.080000000000e-01,   5.746877232955e-01
  4.090000000000e-01,   5.738553253566e-01
  4.100000000000e-01,   5.730212701363e-01
  4.110000000000e-01,   5.721855741250e-01
  4.120000000000e-01,   5.713482536486e-01
  4.130000000000e-01,   5.705093248710e-01
  4.140000000000e-01,   5.696688037949e-01
  4.150000000000e-01,   5.688267062641e-01
  4.160000000000e-01,   5.679830479644e-01
  4.170000000000e-01,   5.671378444259e-01
  4.180000000000e-01,   5.662911110239e-01
  4.190000000000e-01,   5.654428629807e-01
  4.200000000000e-01,   5.645931153674e-01
  4.210000000000e-01,   5.637418831049e-01
  4.220000000000e-01,   5.628891809657e-01
  4.230000000000e-01,   5.620350235753e-01
  4.240000000000e-01,   5.611794254137e-01
  4.250000000000e-01,   5.603224008168e-01
  4.260000000000e-01,   5.594639639779e-01
  4.270000000000e-01,   5.586041289491e-01
  4.280000000000e-01,   5.577429096425e-01
  4.290000000000e-01,   5.568803198319e-01
  4.300000000000e-01,   5.560163731542e-01
  4.310000000000e-01,   5.551510831102e-01
  4.320000000000e-01,   5.542844630669e-01
  4.330000000000e-01,   5.534165262578e-01
  4.340000000000e-01,   5.525472857851e-01
  4.350000000000e-01,   5.516767546203e-01
  4.360000000000e-01,   5.508049456061e-01
  4.370000000000e-01,   5.499318714573e-01
  4.380000000000e-01,   5.490575447623e-01
  4.390000000000e-01,   5.481819779839e-01
  4.400000000000e-01,   5.473051834614e-01
  4.410000000000e-01,   5.464271734108e-01
  4.420000000000e-01,   5.455479599271e-01
  4.430000000000e-01,   5.446675549844e-01
  4.440000000000e-01,   5.437859704380e-01
  4.450000000000e-01,   5.429032180253e-01
  4.460000000000e-01,   5.420193093665e-01
  4.470000000000e-01,   5.411342559666e-01
  4.480000000000e-01,   5.402480692160e-01
  4.490000000000e-01,   5.393607603916e-01
  4.500000000000e-01,   5.384723406584e-01
  4.510000000000e-01,   5.375828210699e-01
  4.520000000000e-01,   5.366922125700e-01
  4.530000000000e-01,   5.358005259935e-01
  4.540000000000e-01,   5.349077720675e-01
  4.550000000000e-01,   5.340139614122e-01
  4.560000000000e-01,   5.331191045423e-01
  4.570000000000e-01,   5.322232118678e-01
  4.580000000000e-01,   5.313262936951e-01
  4.590000000000e-01,   5.304283602281e-01
  4.600000000000e-01,   5.295294215692e-01
  4.610000000000e-01,   5.286294877202e-01
  4.620000000000e-01,   5.277285685833e-01
  4.630000000000e-01,   5.268266739624e-01
  4.640000000000e-01,   5.259238135637e-01
  4.650000000000e-01,   5.250199969968e-01
  4.660000000000e-01,   5.241152337758e-01
  4.670000000000e-01,   5.232095333200e-01
  4.680000000000e-01,   5.223029049551e-01
  4.690000000000e-01,   5.213953579140e-01
  4.700000000000e-01,   5.204869013375e-01
  4.710000000000e-01,   5.195775442758e-01
  4.720000000000e-01,   5.186672956888e-01
  4.730000000000e-01,   5.177561644473e-01
  4.740000000000e-01,   5.168441593340e-01
  4.750000000000e-01,   5.159312890439e-01
  4.760000000000e-01,   5.150175621857e-01
  4.770000000000e-01,   5.141029872825e-01
  4.780000000000e-01,   5.131875727723e-01
  4.790000000000e-01,   5.122713270095e-01
  4.800000000000e-01,   5.113542582651e-01
  4.810000000000e-01,   5.104363747280e-01
  4.820000000000e-01,   5.095176845055e-01
  4.830000000000e-01,   5.085981956241e-01
  4.840000000000e-01,   5.076779160308e-01
  4.850000000000e-01,   5.067568535931e-01
  4.860000000000e-01,   5.058350161007e-01
  4.870000000000e-01,   5.049124112653e-01
  4.880000000000e-01,   5.039890467221e-01
  4.890000000000e-01,   5.030649300305e-01
  4.900000000000e-01,   5.021400686743e-01
  4.910000000000e-01,   5.012144700632e-01
  4.920000000000e-01,   5.002881415329e-01
  4.930000000000e-01,   4.993610903463e-01
  4.940000000000e-01,   4.984333236938e-01
  4.950000000000e-01,   4.975048486946e-01
  4.960000000000e-01,   4.965756723967e-01
  4.970000000000e-01,   4.956458017782e-01
  4.980000000000e-01,   4.947152437478e-01
  4.990000000000e-01,   4.937840051452e-01
  5.000000000000e-01,   4.928520927423e-01
  5.010000000000e-01,   4.919195132436e-01
  5.020000000000e-01,   4.909862732866e-01
  5.030000000000e-01,   4.900523794432e-01
  5.040000000000e-01,   4.891178382195e-01
  5.050000000000e-01,   4.881826560571e-01
  5.060000000000e-01,   4.872468393335e-01
  5.070000000000e-01,   4.863103943627e-01
  5.080000000000e-01,   4.853733273957e-01
  5.090000000000e-01,   4.844356446217e-01
  5.100000000000e-01,   4.834973521679e-01
  5.110000000000e-01,   4.825584561008e-01
  5.120000000000e-01,   4.816189624264e-01
  5.130000000000e-01,   4.806788770910e-01
  5.140000000000e-01,   4.797382059818e-01
  5.150000000000e-01,   4.787969549273e-01
  5.160000000000e-01,   4.778551296980e-01
  5.170000000000e-01,   4.769127360071e-01
  5.180000000000e-01,   4.759697795109e-01
  5.190000000000e-01,   4.750262658093e-01
  5.200000000000e-01,   4.740822004467e-01
  5.210000000000e-01,   4.731375889122e-01
  5.220000000000e-01,   4.721924366403e-01
  5.230000000000e-01,   4.712467490114e-01
  5.240000000000e-01,   4.703005313523e-01
  5.250000000000e-01,   4.693537889371e-01
  5.260000000000e-01,   4.684065269871e-01
  5.270000000000e-01,   4.674587506717e-01
  5.280000000000e-01,   4.665104651090e-01
  5.290000000000e-01,   4.655616753661e-01
  5.300000000000e-01,   4.646123864596e-01
  5.310000000000e-01,   4.636626033563e-01
  5.320000000000e-01,   4.627123309736e-01
  5.330000000000e-01,   4.617615741798e-01
  5.340000000000e-01,   4.608103377950e-01
  5.350000000000e-01,   4.598586265911e-01
  5.360000000000e-01,   4.589064452927e-01
  5.370000000000e-01,   4.579537985773e-01
  5.380000000000e-01,   4.570006910758e-01
  5.390000000000e-01,   4.560471273732e-01
  5.400000000000e-01,   4.550931120088e-01
  5.410000000000e-01,   4.541386494766e-01
  5.420000000000e-01,   4.531837442261e-01
  5.430000000000e-01,   4.522284006623e-01
  5.440000000000e-01,   4.512726231465e-01
  5.450000000000e-01,   4.503164159968e-01
  5.460000000000e-01,   4.493597834879e-01
  5.470000000000e-01,   4.484027298523e-01
  5.480000000000e-01,   4.474452592802e-01
  5.490000000000e-01,   4.464873759203e-01
  5.500000000000e-01,   4.455290838798e-01
  5.510000000000e-01,   4.445703872252e-01
  5.520000000000e-01,   4.436112899825e-01
  5.530000000000e-01,   4.426517961376e-01
  5.540000000000e-01,   4.416919096367e-01
  5.550000000000e-01,   4.407316343869e-01
  5.560000000000e-01,   4.397709742562e-01
  5.570000000000e-01,   4.388099330743e-01
  5.580000000000e-01,   4.378485146327e-01
  5.590000000000e-01,   4.368867226851e-01
  5.600000000000e-01,   4.359245609482e-01
  5.610000000000e-01,   4.349620331012e-01
  5.620000000000e-01,   4.339991427872e-01
  5.630000000000e-01,   4.330358936126e-01
  5.640000000000e-01,   4.320722891482e-01
  5.650000000000e-01,   4.311083329292e-01
  5.660000000000e-01,   4.301440284555e-01
  5.670000000000e-01,   4.291793791925e-01
  5.680000000000e-01,   4.282143885709e-01
  5.690000000000e-01,   4.272490599870e-01
  5.700000000000e-01,   4.262833968039e-01
  5.710000000000e-01,   4.253174023507e-01
  5.720000000000e-01,   4.243510799238e-01
  5.730000000000e-01,   4.233844327864e-01
  5.740000000000e-01,   4.224174641694e-01
  5.750000000000e-01,   4.214501772718e-01
  5.760000000000e-01,   4.204825752604e-01
  5.770000000000e-01,   4.195146612706e-01
  5.780000000000e-01,   4.185464384067e-01
  5.790000000000e-01,   4.175779097420e-01
  5.800000000000e-01,   4.166090783194e-01
  5.810000000000e-01,   4.156399471512e-01
  5.820000000000e-01,   4.146705192200e-01
  5.830000000000e-01,   4.137007974787e-01
  5.840000000000e-01,   4.127307848508e-01
  5.850000000000e-01,   4.117604842305e-01
  5.860000000000e-01,   4.107898984834e-01
  5.870000000000e-01,   4.098190304467e-01
  5.880000000000e-01,   4.088478829291e-01
  5.890000000000e-01,   4.078764587115e-01
  5.900000000000e-01,   4.069047605472e-01
  5.910000000000e-01,   4.059327911619e-01
  5.920000000000e-01,   4.049605532544e-01
  5.930000000000e-01,   4.039880494964e-01
  5.940000000000e-01,   4.030152825333e-01
  5.950000000000e-01,   4.020422549840e-01
  5.960000000000e-01,   4.010689694413e-01
  5.970000000000e-01,   4.000954284724e-01
  5.980000000000e-01,   3.991216346187e-01
  5.990000000000e-01,   3.981475903965e-01
  6.000000000000e-01,   3.971732982970e-01
  6.010000000000e-01,   3.961987607867e-01
  6.020000000000e-01,   3.952239803074e-01
  6.030000000000e-01,   3.942489592767e-01
  6.040000000000e-01,   3.932737000881e-01
  6.050000000000e-01,   3.922982051114e-01
  6.060000000000e-01,   3.913224766926e-01
  6.070000000000e-01,   3.903465171546e-01
  6.080000000000e-01,   3.893703287970e-01
  6.090000000000e-01,   3.883939138966e-01
  6.100000000000e-01,   3.874172747076e-01
  6.110000000000e-01,   3.864404134616e-01
  6.120000000000e-01,   3.854633323682e-01
  6.130000000000e-01,   3.844860336149e-01
  6.140000000000e-01,   3.835085193675e-01
  6.150000000000e-01,   3.825307917701e-01
  6.160000000000e-01,   3.815528529456e-01
  6.170000000000e-01,   3.805747049957e-01
  6.180000000000e-01,   3.795963500014e-01
  6.190000000000e-01,   3.786177900227e-01
  6.200000000000e-01,   3.776390270992e-01
  6.210000000000e-01,   3.766600632503e-01
  6.220000000000e-01,   3.756809004752e-01
  6.230000000000e-01,   3.747015407533e-01
  6.240000000000e-01,   3.737219860442e-01
  6.250000000000e-01,   3.727422382880e-01
  6.260000000000e-01,   3.717622994058e-01
  6.270000000000e-01,   3.707821712990e-01
  6.280000000000e-01,   3.698018558507e-01
  6.290000000000e-01,   3.688213549248e-01
  6.300000000000e-01,   3.678406703669e-01
  6.310000000000e-01,   3.668598040042e-01
  6.320000000000e-01,   3.658787576456e-01
  6.330000000000e-01,   3.648975330822e-01
  6.340000000000e-01,   3.639161320870e-01
  6.350000000000e-01,   3.629345564157e-01
  6.360000000000e-01,   3.619528078063e-01
  6.370000000000e-01,   3.609708879795e-01
  6.380000000000e-01,   3.599887986390e-01
  6.390000000000e-01,   3.590065414715e-01
  6.400000000000e-01,   3.580241181469e-01
  6.410000000000e-01,   3.570415303185e-01
  6.420000000000e-01,   3.560587796231e-01
  6.430000000000e-01,   3.550758676813e-01
  6.440000000000e-01,   3.540927960974e-01
  6.450000000000e-01,   3.531095664601e-01
  6.460000000000e-01,   3.521261803418e-01
  6.470000000000e-01,   3.511426392997e-01
  6.480000000000e-01,   3.501589448752e-01
  6.490000000000e-01,   3.491750985946e-01
  6.500000000000e-01,   3.481911019688e-01
  6.510000000000e-01,   3.472069564938e-01
  6.520000000000e-01,   3.462226636507e-01
  6.530000000000e-01,   3.452382249057e-01
  6.540000000000e-01,   3.442536417107e-01
  6.550000000000e-01,   3.432689155030e-01
  6.560000000000e-01,   3.422840477055e-01
  6.570000000000e-01,   3.412990397271e-01
  6.580000000000e-01,   3.403138929626e-01
  6.590000000000e-01,   3.393286087929e-01
  6.600000000000e-01,   3.383431885854e-01
  6.610000000000e-01,   3.373576336935e-01
  6.620000000000e-01,   3.363719454573e-01
  6.630000000000e-01,   3.353861252038e-01
  6.640000000000e-01,   3.344001742465e-01
  6.650000000000e-01,   3.334140938858e-01
  6.660000000000e-01,   3.324278854095e-01
  6.670000000000e-01,   3.314415500922e-01
  6.680000000000e-01,   3.304550891961e-01
  6.690000000000e-01,   3.294685039707e-01
  6.700000000000e-01,   3.284817956531e-01
  6.710000000000e-01,   3.274949654680e-01
  6.720000000000e-01,   3.265080146281e-01
  6.730000000000e-01,   3.255209443339e-01
  6.740000000000e-01,   3.245337557740e-01
  6.750000000000e-01,   3.235464501252e-01
  6.760000000000e-01,   3.225590285525e-01
  6.770000000000e-01,   3.215714922094e-01
  6.780000000000e-01,   3.205838422378e-01
  6.790000000000e-01,   3.195960797684e-01
  6.800000000000e-01,   3.186082059206e-01
  6.810000000000e-01,   3.176202218026e-01
  6.820000000000e-01,   3.166321285115e-01
  6.830000000000e-01,   3.156439271338e-01
  6.840000000000e-01,   3.146556187448e-01
  6.850000000000e-01,   3.136672044094e-01
  6.860000000000e-01,   3.126786851817e-01
  6.870000000000e-01,   3.116900621054e-01
  6.880000000000e-01,   3.107013362139e-01
  6.890000000000e-01,   3.097125085301e-01
  6.900000000000e-01,   3.087235800670e-01
  6.910000000000e-01,   3.077345518272e-01
  6.920000000000e-01,   3.067454248036e-01
  6.930000000000e-01,   3.057561999791e-01
  6.940000000000e-01,   3.047668783269e-01
  6.950000000000e-01,   3.037774608103e-01
  6.960000000000e-01,   3.027879483833e-01
  6.970000000000e-01,   3.017983419903e-01
  6.980000000000e-01,   3.008086425661e-01
  6.990000000000e-01,   2.998188510365e-01
  7.000000000000e-01,   2.988289683179e-01
  7.010000000000e-01,   2.978389953178e-01
  7.020000000000e-01,   2.968489329343e-01
  7.030000000000e-01,   2.958587820569e-01
  7.040000000000e-01,   2.948685435662e-01
  7.050000000000e-01,   2.938782183338e-01
  7.060000000000e-01,   2.928878072229e-01
  7.070000000000e-01,   2.918973110880e-01
  7.080000000000e-01,   2.909067307750e-01
  7.090000000000e-01,   2.899160671217e-01
  7.100000000000e-01,   2.889253209571e-01
  7.110000000000e-01,   2.879344931024e-01
  7.120000000000e-01,   2.869435843703e-01
  7.130000000000e-01,   2.859525955656e-01
  7.140000000000e-01,   2.849615274851e-01
  7.150000000000e-01,   2.839703809174e-01
  7.160000000000e-01,   2.829791566437e-01
  7.170000000000e-01,   2.819878554371e-01
  7.180000000000e-01,   2.809964780630e-01
  7.190000000000e-01,   2.800050252794e-01
  7.200000000000e-01,   2.790134978366e-01
  7.210000000000e-01,   2.780218964775e-01
  7.220000000000e-01,   2.770302219375e-01
  7.230000000000e-01,   2.760384749449e-01
  7.240000000000e-01,   2.750466562204e-01
  7.250000000000e-01,   2.740547664779e-01
  7.260000000000e-01,   2.730628064241e-01
  7.270000000000e-01,   2.720707767584e-01
  7.280000000000e-01,   2.710786781737e-01
  7.290000000000e-01,   2.700865113555e-01
  7.300000000000e-01,   2.690942769829e-01
  7.310000000000e-01,   2.681019757281e-01
  7.320000000000e-01,   2.671096082564e-01
  7.330000000000e-01,   2.661171752269e-01
  7.340000000000e-01,   2.651246772918e-01
  7.350000000000e-01,   2.641321150969e-01
  7.360000000000e-01,   2.631394892816e-01
  7.370000000000e-01,   2.621468004790e-01
  7.380000000000e-01,   2.611540493158e-01
  7.390000000000e-01,   2.601612364125e-01
  7.400000000000e-01,   2.591683623833e-01
  7.410000000000e-01,   2.581754278366e-01
  7.420000000000e-01,   2.571824333745e-01
  7.430000000000e-01,   2.561893795932e-01
  7.440000000000e-01,   2.551962670828e-01
  7.450000000000e-01,   2.542030964278e-01
  7.460000000000e-01,   2.532098682067e-01
  7.470000000000e-01,   2.522165829923e-01
  7.480000000000e-01,   2.512232413517e-01
  7.490000000000e-01,   2.502298438463e-01
  7.500000000000e-01,   2.492363910320e-01
  7.510000000000e-01,   2.482428834592e-01
  7.520000000000e-01,   2.472493216726e-01
  7.530000000000e-01,   2.462557062118e-01
  7.540000000000e-01,   2.452620376108e-01
  7.550000000000e-01,   2.442683163983e-01
  7.560000000000e-01,   2.432745430979e-01
  7.570000000000e-01,   2.422807182278e-01
  7.580000000000e-01,   2.412868423011e-01
  7.590000000000e-01,   2.402929158259e-01
  7.600000000000e-01,   2.392989393052e-01
  7.610000000000e-01,   2.383049132368e-01
  7.620000000000e-01,   2.373108381139e-01
  7.630000000000e-01,   2.363167144245e-01
  7.640000000000e-01,   2.353225426518e-01
  7.650000000000e-01,   2.343283232743e-01
  7.660000000000e-01,   2.333340567657e-01
  7.670000000000e-01,   2.323397435949e-01
  7.680000000000e-01,   2.313453842262e-01
  7.690000000000e-01,   2.303509791194e-01
  7.700000000000e-01,   2.293565287294e-01
  7.710000000000e-01,   2.283620335069e-01
  7.720000000000e-01,   2.273674938980e-01
  7.730000000000e-01,   2.263729103443e-01
  7.740000000000e-01,   2.253782832831e-01
  7.750000000000e-01,   2.243836131473e-01
  7.760000000000e-01,   2.233889003655e-01
  7.770000000000e-01,   2.223941453619e-01
  7.780000000000e-01,   2.213993485569e-01
  7.790000000000e-01,   2.204045103661e-01
  7.800000000000e-01,   2.194096312016e-01
  7.810000000000e-01,   2.184147114709e-01
  7.820000000000e-01,   2.174197515777e-01
  7.830000000000e-01,   2.164247519216e-01
  7.840000000000e-01,   2.154297128983e-01
  7.850000000000e-01,   2.144346348995e-01
  7.860000000000e-01,   2.134395183129e-01
  7.870000000000e-01,   2.124443635227e-01
  7.880000000000e-01,   2.114491709087e-01
  7.890000000000e-01,   2.104539408476e-01
  7.900000000000e-01,   2.094586737117e-01
  7.910000000000e-01,   2.084633698701e-01
  7.920000000000e-01,   2.074680296879e-01
  7.930000000000e-01,   2.064726535269e-01
  7.940000000000e-01,   2.054772417448e-01
  7.950000000000e-01,   2.044817946963e-01
  7.960000000000e-01,   2.034863127321e-01
  7.970000000000e-01,   2.024907961998e-01
  7.980000000000e-01,   2.014952454432e-01
  7.990000000000e-01,   2.004996608030e-01
  8.000000000000e-01,   1.995040426162e-01
  8.010000000000e-01,   1.985083912167e-01
  8.020000000000e-01,   1.975127069348e-01
  8.030000000000e-01,   1.965169900979e-01
  8.040000000000e-01,   1.955212410299e-01
  8.050000000000e-01,   1.945254600513e-01
  8.060000000000e-01,   1.935296474799e-01
  8.070000000000e-01,   1.925338036298e-01
  8.080000000000e-01,   1.915379288124e-01
  8.090000000000e-01,   1.905420233357e-01
  8.100000000000e-01,   1.895460875049e-01
  8.110000000000e-01,   1.885501216219e-01
  8.120000000000e-01,   1.875541259858e-01
  8.130000000000e-01,   1.865581008927e-01
  8.140000000000e-01,   1.855620466356e-01
  8.150000000000e-01,   1.845659635047e-01
  8.160000000000e-01,   1.835698517874e-01
  8.170000000000e-01,   1.825737117680e-01
  8.180000000000e-01,   1.815775437281e-01
  8.190000000000e-01,   1.805813479467e-01
  8.200000000000e-01,   1.795851246997e-01
  8.210000000000e-01,   1.785888742603e-01
  8.220000000000e-01,   1.775925968993e-01
  8.230000000000e-01,   1.765962928844e-01
  8.240000000000e-01,   1.755999624808e-01
  8.250000000000e-01,   1.746036059512e-01
  8.260000000000e-01,   1.736072235554e-01
  8.270000000000e-01,   1.726108155509e-01
  8.280000000000e-01,   1.716143821925e-01
  8.290000000000e-01,   1.706179237325e-01
  8.300000000000e-01,   1.696214404205e-01
  8.310000000000e-01,   1.686249325039e-01
  8.320000000000e-01,   1.676284002275e-01
  8.330000000000e-01,   1.666318438338e-01
  8.340000000000e-01,   1.656352635626e-01
  8.350000000000e-01,   1.646386596515e-01
  8.360000000000e-01,   1.636420323358e-01
  8.370000000000e-01,   1.626453818484e-01
  8.380000000000e-01,   1.616487084198e-01
  8.390000000000e-01,   1.606520122783e-01
  8.400000000000e-01,   1.596552936498e-01
  8.410000000000e-01,   1.586585527582e-01
  8.420000000000e-01,   1.576617898249e-01
  8.430000000000e-01,   1.566650050693e-01
  8.440000000000e-01,   1.556681987085e-01
  8.450000000000e-01,   1.546713709575e-01
  8.460000000000e-01,   1.536745220291e-01
  8.470000000000e-01,   1.526776521340e-01
  8.480000000000e-01,   1.516807614809e-01
  8.490000000000e-01,   1.506838502763e-01
  8.500000000000e-01,   1.496869187247e-01
  8.510000000000e-01,   1.486899670285e-01
  8.520000000000e-01,   1.476929953883e-01
  8.530000000000e-01,   1.466960040023e-01
  8.540000000000e-01,   1.456989930672e-01
  8.550000000000e-01,   1.447019627774e-01
  8.560000000000e-01,   1.437049133255e-01
  8.570000000000e-01,   1.427078449022e-01
  8.580000000000e-01,   1.417107576963e-01
  8.590000000000e-01,   1.407136518945e-01
  8.600000000000e-01,   1.397165276821e-01
  8.610000000000e-01,   1.387193852421e-01
  8.620000000000e-01,   1.377222247559e-01
  8.630000000000e-01,   1.367250464031e-01
  8.640000000000e-01,   1.357278503615e-01
  8.650000000000e-01,   1.347306368070e-01
  8.660000000000e-01,   1.337334059140e-01
  8.670000000000e-01,   1.327361578549e-01
  8.680000000000e-01,   1.317388928006e-01
  8.690000000000e-01,   1.307416109201e-01
  8.700000000000e-01,   1.297443123809e-01
  8.710000000000e-01,   1.287469973488e-01
  8.720000000000e-01,   1.277496659877e-01
  8.730000000000e-01,   1.267523184603e-01
  8.740000000000e-01,   1.257549549274e-01
  8.750000000000e-01,   1.247575755482e-01
  8.760000000000e-01,   1.237601804805e-01
  8.770000000000e-01,   1.227627698802e-01
  8.780000000000e-01,   1.217653439020e-01
  8.790000000000e-01,   1.207679026989e-01
  8.800000000000e-01,   1.197704464223e-01
  8.810000000000e-01,   1.187729752223e-01
  8.820000000000e-01,   1.177754892474e-01
  8.830000000000e-01,   1.167779886445e-01
  8.840000000000e-01,   1.157804735592e-01
  8.850000000000e-01,   1.147829441356e-01
  8.860000000000e-01,   1.137854005163e-01
  8.870000000000e-01,   1.127878428427e-01
  8.880000000000e-01,   1.117902712546e-01
  8.890000000000e-01,   1.107926858904e-01
  8.900000000000e-01,   1.097950868872e-01
  8.910000000000e-01,   1.087974743807e-01
  8.920000000000e-01,   1.077998485052e-01
  8.930000000000e-01,   1.068022093938e-01
  8.940000000000e-01,   1.058045571783e-01
  8.950000000000e-01,   1.048068919889e-01
  8.960000000000e-01,   1.038092139547e-01
  8.970000000000e-01,   1.028115232037e-01
  8.980000000000e-01,   1.018138198622e-01
  8.990000000000e-01,   1.008161040557e-01
  9.000000000000e-01,   9.981837590803e-02
  9.010000000000e-01,   9.882063554210e-02
  9.020000000000e-01,   9.782288307946e-02
  9.030000000000e-01,   9.682511864046e-02
  9.040000000000e-01,   9.582734234429e-02
  9.050000000000e-01,   9.482955430891e-02
  9.060000000000e-01,   9.383175465114e-02
  9.070000000000e-01,   9.283394348661e-02
  9.080000000000e-01,   9.183612092984e-02
  9.090000000000e-01,   9.083828709416e-02
  9.100000000000e-01,   8.984044209181e-02
  9.110000000000e-01,   8.884258603389e-02
  9.120000000000e-01,   8.784471903042e-02
  9.130000000000e-01,   8.684684119029e-02
  9.140000000000e-01,   8.584895262135e-02
  9.150000000000e-01,   8.485105343033e-02
  9.160000000000e-01,   8.385314372294e-02
  9.170000000000e-01,   8.285522360381e-02
  9.180000000000e-01,   8.185729317654e-02
  9.190000000000e-01,   8.085935254370e-02
  9.200000000000e-01,   7.986140180683e-02
  9.210000000000e-01,   7.886344106648e-02
  9.220000000000e-01,   7.786547042218e-02
  9.230000000000e-01,   7.686748997247e-02
  9.240000000000e-01,   7.586949981492e-02
  9.250000000000e-01,   7.487150004612e-02
  9.260000000000e-01,   7.387349076172e-02
  9.270000000000e-01,   7.287547205638e-02
  9.280000000000e-01,   7.187744402385e-02
  9.290000000000e-01,   7.087940675694e-02
  9.300000000000e-01,   6.988136034753e-02
  9.310000000000e-01,   6.888330488660e-02
  9.320000000000e-01,   6.788524046419e-02
  9.330000000000e-01,   6.688716716949e-02
  9.340000000000e-01,   6.588908509077e-02
  9.350000000000e-01,   6.489099431544e-02
  9.360000000000e-01,   6.389289493002e-02
  9.370000000000e-01,   6.289478702020e-02
  9.380000000000e-01,   6.189667067078e-02
  9.390000000000e-01,   6.089854596575e-02
  9.400000000000e-01,   5.990041298824e-02
  9.410000000000e-01,   5.890227182058e-02
  9.420000000000e-01,   5.790412254424e-02
  9.430000000000e-01,   5.690596523991e-02
  9.440000000000e-01,   5.590779998748e-02
  9.450000000000e-01,   5.490962686602e-02
  9.460000000000e-01,   5.391144595385e-02
  9.470000000000e-01,   5.291325732846e-02
  9.480000000000e-01,   5.191506106662e-02
  9.490000000000e-01,   5.091685724431e-02
  9.500000000000e-01,   4.991864593675e-02
  9.510000000000e-01,   4.892042721842e-02
  9.520000000000e-01,   4.792220116307e-02
  9.530000000000e-01,   4.692396784369e-02
  9.540000000000e-01,   4.592572733257e-02
  9.550000000000e-01,   4.492747970126e-02
  9.560000000000e-01,   4.392922502062e-02
  9.570000000000e-01,   4.293096336078e-02
  9.580000000000e-01,   4.193269479118e-02
  9.590000000000e-01,   4.093441938059e-02
  9.600000000000e-01,   3.993613719707e-02
  9.610000000000e-01,   3.893784830800e-02
  9.620000000000e-01,   3.793955278013e-02
  9.630000000000e-01,   3.694125067949e-02
  9.640000000000e-01,   3.594294207149e-02
  9.650000000000e-01,   3.494462702088e-02
  9.660000000000e-01,   3.394630559177e-02
  9.670000000000e-01,   3.294797784761e-02
  9.680000000000e-01,   3.194964385126e-02
  9.690000000000e-01,   3.095130366491e-02
  9.700000000000e-01,   2.995295735017e-02
  9.710000000000e-01,   2.895460496800e-02
  9.720000000000e-01,   2.795624657878e-02
  9.730000000000e-01,   2.695788224228e-02
  9.740000000000e-01,   2.595951201768e-02
  9.750000000000e-01,   2.496113596356e-02
  9.760000000000e-01,   2.396275413794e-02
  9.770000000000e-01,   2.296436659823e-02
  9.780000000000e-01,   2.196597340129e-02
  9.790000000000e-01,   2.096757460342e-02
  9.800000000000e-01,   1.996917026034e-02
  9.810000000000e-01,   1.897076042723e-02
  9.820000000000e-01,   1.797234515872e-02
  9.830000000000e-01,   1.697392450889e-02
  9.840000000000e-01,   1.597549853128e-02
  9.850000000000e-01,   1.497706727891e-02
  9.860000000000e-01,   1.397863080426e-02
  9.870000000000e-01,   1.298018915929e-02
  9.880000000000e-01,   1.198174239546e-02
  9.890000000000e-01,   1.098329056368e-02
  9.900000000000e-01,   9.984833714399e-03
  9.910000000000e-01,   8.986371897531e-03
  9.920000000000e-01,   7.987905162506e-03
  9.930000000000e-01,   6.989433558261e-03
  9.940000000000e-01,   5.990957133245e-03
  9.950000000000e-01,   4.992475935426e-03
  9.960000000000e-01,   3.993990012294e-03
  9.970000000000e-01,   2.995499410867e-03
  9.980000000000e-01,   1.997004177694e-03
  9.990000000000e-01,   9.985043588625e-04
  1.000000000000e+00,   0.000000000000e+00
